30105739
30102259
30101815
30100659
30096831
30096713
30095629
30093431
30092527
30087201
30084039
30076043
30075253
30074279
30072043
30069259
30068727
30067973
30067785
30065629
30065527
30064893
30064665
30064341
30060849
30058121
30055013
30052403
30049047
30048799
30048441
30048357
30046225
30043287
30042643
30039245
30039175
30037797
30035047
30030589
30027773
30026813
30026679
30026551
30024911
30019373
30012201
30012197
30012089
30012027
29983537
29983505
29978645
29976767
29974035
29973901
29973735
29973733
29973203
29970491
29965793
29960985
29955969
29950969
29941141
29940787
29939491
29939227
29939157
29928677
29928135
29925791
29925103
29924969
29919407
29919307
29919271
29917293
29914049
29910875
29910681
29908427
29908077
29907891
29905609
29904055
29903677
29901673
29901671
29891957
29891339
29873683
29862995
29861849
29851847
29850333
29849829
29841317
29840411
29839871
29837057
29827273
29822535
29818871
29814215
29806253
29795359
29786479
29763389
29760997
29757323
29755647
29733147
29733143
29727479
29713613
29703971
29694041
29688443
29681859
29680999
29679525
29670845
29665465
29645757
29636523
29628659
29626659
29624063
29608935
29601807
29540329
29540077
29527243
29515265
29511245
29504741
29502923
29485575
29484411
29482025
29475983
29473365
29472959
29470279
29468339
29450463
29449255
29448271
29447207
29444441
29436437
29436363
29431407
29422599
29415833
29414581
29413235
29410957
29408913
29407619
29402315
29398047
29397163
29392301
29385761
29375691
29373261
29373183
29373055
29361155
29354639
29353941
29344301
29341431
29338003
29336953
29336285
29333213
29331663
29331191
29330819
29329049
29327565
29326899
29324511
29318835
29314447
29314255
29313981
29313571
29312069
29311971
29311497
29311311
29310569
29308091
29304421
29302509
29293911
29292471
29292421
29291219
29290633
29290441
29290305
29290265
29289971
29289809
29289741
29289205
29288945
29288181
29284201
29284111
29283899
29283633
29283499
29283441
29283335
29282751
29278571
29275341
29271673
29269577
29268531
29264823
29262905
29260053
29258337
29257653
29257535
29257305
29254125
29253631
29253481
29249127
29241953
29224065
29213277
29186341
29185703
29185659
29178277
29177729
29173607
29171941
29171931
29171905
29171357
29169969
29168215
29167441
29167151
29166165
29166053
29165541
29165105
29162329
29161925
29161137
29158217
29155753
29153955
29153519
29152685
29152267
29152073
29150825
29150547
29149125
29148545
29130791
29130299
29128129
29123681
29123523
29118709
29118529
29117477
29114591
29097833
29088235
29087791
29087713
29086691
29086595
29085815
29085381
29085189
29085167
29084837
29083537
29083269
29083151
29068089
29067425
29066635
29066069
29065931
29062775
29056165
29054387
29053729
29050317
29050229
29050207
29049507
29047599
29045631
29044275
29042661
29041409
29041129
29036535
29034917
29034495
29032195
29031713
29031207
29028911
29025525
29025173
29022859
29021139
29020449
29017699
29017443
29016797
29016365
29016191
29014847
29014721
29014129
29013547
29013499
29012939
29012921
29012073
29011345
29011077
29010799
29010667
29010637
29010373
29010195
29009265
29009241
29009117
29009059
29007505
29007463
29007323
29006847
29005125
29004877
29003769
29001771
29001597
29000787
29000115
28997451
28996831
28995015
28994015
28993369
28993067
28992991
28992455
28990509
28985377
28985299
28985203
28984877
28984331
28983685
28983621
28980407
28978389
28976619
28975917
28975385
28975159
28974429
28974035
28971641
28971521
28970513
28968229
28967541
28967307
28965699
28964483
28964275
28964027
28962783
28962201
28961621
28961211
28960317
28960013
28959697
28959223
28956229
28954419
28953949
28953299
28952279
28951037
28950797
28950679
28950077
28947521
28944805
28944767
28944609
28944603
28944561
28944541
28944189
28944063
28944023
28943973
28943827
28943625
28943137
28943043
28942847
28942167
28942141
28935973
28935865
28935731
28934879
28934581
28934453
28934179
28933943
28933551
28933229
28933033
28933007
28932987
28932887
28932797
28932775
28932709
28932533
28932497
28932469
28932459
28931173
28931047
28929113
28928957
28928593
28927661
28927433
28927411
28927377
28926927
28926885
28926873
28926855
28926591
28926533
28925011
28924641
28923889
28920997
28920269
28920069
28919331
28919149
28919137
28919017
28919015
28918360
28918338
28917986
28916782
28915742
28915674
28913986
28913494
28910930
28910500
28910096
28909950
28909652
28909610
28909602
28909582
28909534
28909340
28909294
28908824
28907554
28907526
28906764
28906740
28903950
28903516
28903412
28903392
28903186
28902914
28901796
28901446
28900524
28900272
28900248
28900062
28899974
28899972
28899810
28899754
28899560
28899498
28899488
28899404
28899382
28898774
28897484
28895198
28894478
28892432
28892034
28891766
28890804
28890738
28889792
28886870
28886422
28884954
28882900
28882160
28881302
28879378
28879368
28879198
28878500
28878482
28878476
28878384
28878250
28877552
28877508
28875516
28873752
28872850
28872800
28872734
28872544
28872534
28872496
28872462
28871974
28871738
28871622
28871536
28871384
28870734
28868390
28866532
28862984
28859758
28858274
28857900
28857416
28857038
28856684
28856230
28856226
28856212
28855772
28855704
28855390
28855334
28855308
28855174
28855162
28855030
28854742
28854638
28854632
28854458
28853782
28853224
28852828
28852770
28852568
28850114
28846750
28846250
28846156
28846070
28844166
28843868
28841358
28841256
28841148
28840866
28840862
28837512
28837398
28837208
28831208
28827558
28826642
28826212
28821748
28815092
28813156
28812220
28811640
28811572
28811410
28811394
28809078
28805660
28800732
28794266
28792522
28792032
28774731
28734237
28729591
28720711
28708467
28703117
28633865
28630885
28610165
28580767
28455901
28419333
28396543
28387713
28312275
28303867
28295849
28254401
28244949
28133751
28127343
28122595
28061115
27994995
27909309
27820775
27788693
27772995
27733573
27733571
27729213
27719657
27610227
27607861
27607769
27607417
27503933
27341529
26955621
26095548
26033126
26017064
25750044
24012269
23582747
22134491
21064069
2026773
